Coordinates of SECOND best detected filamentary structures. Maps are square (for example sizes are 6.0844 by 6.0844)

lon(deg)   lat(deg)  size(deg)
---------  --------  ------
  -0.7786  -21.0646  6.0844
  -1.207   -18.0842  4.1618
  -1.207   -42.9232  4.1597
  -1.212    21.003   4.8421
 -10.5353  -42.9232  4.1597
 -10.5353    0.5451  4.1621
 -10.6676    4.2159  4.4942
-100.15     -1.8244  4.4942
-100.215     7.1079  4.4942
-100.483   -10.6741  4.4941
-100.709   -14.9793  4.1619
-100.709   -27.3988  4.1613
-100.709   -30.5037  4.1611
-101.758    13.4752  4.494
-103.819   -21.1891  4.1617
-103.819   -55.3427  4.1563
-104.042   -10.5986  4.4941
-106.222    -8.2234  4.4942
-108.134   -46.2394  4.4905
-108.42    -21.659   4.8421
-110.037   -24.2939  4.1615
-110.773    15.2465  4.494
-111.182    19.4774  4.4938
-113.147     0.5451  4.1621
-113.147    47.1182  4.1589
-113.181   -20.3936  4.4938
 -12.4035   24.1204  4.4935
-122.475    -8.7696  4.162
-122.475    19.1743  4.1618
-129.797   -28.5163  4.4932
 -13.6448   19.1743  4.1618
 -13.8797   35.9142  4.4924
-130.645    13.8062  4.494
-130.958   -29.12    4.4932
-132.617   -41.7473  4.4915
-136.581   -42.3252  4.4914
-143.956     7.8389  4.4942
-144.241   -33.6086  4.1609
-144.241    25.3841  4.1615
-146.636   -19.9089  4.4938
-147.351    34.6987  4.1608
-150.273     3.0118  4.4942
-150.46    -11.8744  4.162
-150.46     40.9084  4.16
-150.614     2.4107  4.8428
-153.57     40.9084  4.16
-158.331   -31.5966  4.4929
-162.898   -58.4476  4.1548
-165.358     3.7238  4.4942
-166.007   -36.7134  4.1606
-169.117   -11.8744  4.162
-172.226    28.4889  4.1613
-172.649   -33.584   4.4927
-178.376   -28.0884  4.4932
-178.445   -21.1891  4.1617
 -18.4209  -42.9611  4.839
 -19.8636  -24.2939  4.1615
 -22.9731    3.6499  4.1621
 -29.192   -49.1329  4.1584
 -29.192    12.9646  4.1619
 -29.8882  -12.0703  4.4941
  -3.5659  -20.6781  4.4937
 -32.3014    9.8597  4.162
 -34.2478  -29.6853  4.4931
 -34.3825   27.4194  4.4933
 -34.6519   10.3633  4.4941
 -35.4109  -24.2939  4.1615
 -35.4109   47.1182  4.1589
 -36.5957   48.3497  4.4899
 -37.4366  -21.7284  4.4937
 -37.7973  -29.2462  4.4931
 -38.5203  -36.7134  4.1606
 -38.5203   12.9646  4.1619
 -39.532   -14.1421  4.494
  -4.3164  -14.9793  4.1619
  -4.3164   19.1743  4.1618
  -4.3164    3.6499  4.1621
  -4.3164    9.8597  4.162
 -43.4645   38.7736  4.492
 -43.5234   38.8769  4.84
 -44.7392  -52.2378  4.1575
 -45.9083  -38.4218  4.492
 -47.8486  -14.9793  4.1619
 -49.246    40.9052  4.4916
 -49.3885  -20.123   4.8422
 -49.4952  -37.6925  4.4922
 -50.2031   38.7068  4.492
 -50.9581  -39.8183  4.1602
 -53.0304   -8.5988  4.8427
 -53.2066   37.2884  4.4922
 -54.0675  -52.2378  4.1575
 -58.6135  -29.6671  4.8414
 -59.629    21.0903  4.4937
  -6.5168   13.9669  4.8425
 -60.2276  -25.0493  4.4935
 -60.2864   16.0694  4.1619
 -62.7193  -26.8364  4.8417
 -63.6145   18.34    4.4938
 -68.1504   44.6011  4.4909
 -69.6147  -52.2378  4.1575
  -7.4259  -30.5037  4.1611
  -7.4259  -58.4476  4.1548
  -7.4259   25.3841  4.1615
 -71.8154  -51.6608  4.4887
 -72.4035  -15.0813  4.8425
 -74.1881    8.1078  7.6379
 -80.0137   13.1366  4.8425
 -82.0525  -55.3427  4.1563
 -82.0525   25.3841  4.1615
 -82.8503   10.71    4.4941
 -84.7319  -48.0235  4.4899
 -87.0526   12.2734  4.4941
 -87.1038   14.8337  4.494
 -88.2714  -27.3988  4.1613
 -88.6803  -50.0954  4.4893
 -89.2016  -50.9488  4.489
  -9.8937   24.3801  4.4935
 -90.6844   -7.6457  4.4942
 -91.3809    3.6499  4.1621
 -91.3809   44.0133  4.1595
 -94.4903  -52.2378  4.1575
 -94.4903   53.3279  4.1571
 -94.5283  -29.9887  4.4931
 -95.0012   51.167   4.4889
 -96.7431   -6.0903  4.4942
 -97.5997   53.3279  4.1571
 -99.9171  -54.3006  4.4875
   0.5256   43.4318  4.4911
   0.6697  -13.7633  4.494
   1.9025  -21.1891  4.1617
   1.9025   19.1743  4.1618
   1.9025    3.6499  4.1621
  10.2834  -40.294   4.4917
 109.253   -50.0771  4.1582
 109.85     23.0396  4.1616
  11.2308  -46.0281  4.1591
  11.2308   16.0694  4.1619
 110.529   -19.2278  4.1617
 110.739   -38.8733  4.1603
 113.842   -39.8183  4.1602
 113.842    -5.6647  4.1621
 116.04     47.9304  4.1587
 116.73     23.4255  5.2232
 116.952   -52.2378  4.1575
 116.952    16.0694  4.1619
 116.952    19.1743  4.1618
 116.952    50.2231  4.1581
 117.867     3.6061  4.1621
 118.358    40.5536  4.1601
 118.986    19.9852  4.1617
 119.419    11.2969  6.0853
  12.6158  -22.2059  4.4937
  12.6395   39.8351  4.4918
 120.061   -14.9793  4.1619
 120.061   -18.0842  4.1618
 120.061    28.4889  4.1613
 123.171   -49.1329  4.1584
 123.171    28.4889  4.1613
 124.176    21.0873  4.1617
 124.682    51.0647  4.1579
 124.783    39.8811  4.1602
 126.28     19.1743  4.1618
 126.28     37.8036  4.1604
 126.28     40.9084  4.16
 126.28     53.3279  4.1571
 127.469    -7.5638  4.8427
 129.637   -26.1475  4.1614
 129.827   -14.6921  4.1619
  13.8626   21.6362  4.4937
 130.436   -10.6022  5.6383
 130.573    47.0412  4.1589
 132.989     6.0026  5.2242
 133.185   -54.1523  4.1568
 133.525    21.0768  4.1617
 135.625   -14.406   4.1619
 136.484    55.1897  4.1564
 137.632   -51.6958  4.1577
 137.914    17.454   4.1618
 137.942   -38.5232  4.1603
 138.718    -2.5598  4.1621
 139.826   -24.1997  4.1615
  14.3402  -18.0842  4.1618
  14.3402  -24.2939  4.1615
  14.3402   -8.7696  4.162
 140.491     8.5583  4.4942
 141.601    11.8257  4.4941
 141.827   -11.8744  4.162
 141.827   -36.7134  4.1606
 141.827    22.2792  4.1616
 141.827    37.8036  4.1604
 141.827     6.7548  4.162
 142.741    24.446   4.1615
 143.292    38.4172  4.1604
 144.937    25.3841  4.1615
 144.937    28.4889  4.1613
 145.904   -13.7228  4.1619
 146.744   -36.0458  4.1606
 146.914   -18.3782  4.1618
 147.225    12.5327  4.1619
 148.046   -24.2939  4.1615
 148.046   -30.5037  4.1611
 148.046    -5.6647  4.1621
 148.046    31.5938  4.161
 148.935    38.4933  4.1603
  15.3301   11.7387  4.4941
 150.145   -40.492   4.1601
 151.156   -14.9793  4.1619
 151.778    16.7229  4.1618
 151.831   -18.8733  4.1618
 152.803   -22.2049  4.4937
 153.256   -30.4874  4.493
 153.832   -44.7985  4.4908
 154.069   -44.8778  4.1594
 155.784    28.8554  4.1612
 156.27     37.1294  4.4922
 156.46     37.1802  4.1605
 156.581    52.4892  4.1574
 157.375    34.6987  4.1608
 157.375    40.9084  4.16
 157.375    53.3279  4.1571
 157.649     2.0844  4.1621
 157.724   -10.0606  5.2241
  16.0759   15.5309  4.8424
  16.2865  -21.1104  4.4937
  16.8367   29.2932  4.4931
 161.04     -5.5069  4.8427
 163.889     4.8862  4.8427
 166.689   -26.3037  4.1614
 167.105   -38.2471  4.1604
 167.825   -12.6528  4.1619
  17.4497  -27.3988  4.1613
  17.4497  -36.7134  4.1606
  17.4497   -5.6647  4.1621
  17.4497   19.1743  4.1618
 170.471    -9.3197  4.4941
 170.725   -13.6809  4.494
 170.995    16.3896  4.1618
 171.657     1.1262  4.1621
 172.922   -27.3988  4.1613
 172.922   -39.8183  4.1602
 174.592    -9.9021  5.2241
 176.597   -38.8111  4.1603
 177.342   -31.3464  4.1611
  18.4055   12.2122  4.4941
  19.0992  -44.8131  4.4908
  19.4332   12.2284  4.4941
  20.265   -23.8025  5.6373
  23.6686  -11.8744  4.162
  23.6686   25.3841  4.1615
  23.6686   28.4889  4.1613
  26.778   -30.5037  4.1611
  26.778    28.4889  4.1613
  26.778    34.6987  4.1608
  26.778    53.3279  4.1571
  27.2641   23.5558  4.4936
  27.7256   54.1673  4.4876
  27.8933  -13.8939  4.494
  28.2299   29.5341  4.4931
  29.8875  -42.9232  4.1597
  30.9655   23.016   4.4936
  32.9969  -39.8183  4.1602
  33.7551  -16.5736  4.8424
  36.1063  -11.8744  4.162
  36.1063   22.2792  4.1616
  36.1063   25.3841  4.1615
  36.1063   44.0133  4.1595
  36.6188   36.8363  4.4923
  38.2879  -15.2378  4.494
  39.7137  -34.7996  4.8407
  40.1561  -35.0845  5.2216
  42.3252   40.9084  4.16
  43.2942   -8.2556  4.4942
  45.1436    4.6592  5.6385
  45.4347   -8.7696  4.162
  45.4347   44.0133  4.1595
  45.6437  -32.9131  4.4928
  46.17    -11.4252  5.6383
  47.526   -18.0218  4.4939
  47.8581    8.8579  4.4941
  48.5441   44.0133  4.1595
   5.4652   26.603   4.4934
   5.686    18.5358  4.8423
  50.3525   34.2713  4.4926
  50.5748  -26.8667  4.4933
  54.296   -22.0066  4.4937
  55.1625  -35.5657  4.4925
  56.9322  -44.0986  4.491
  57.8724  -39.8183  4.1602
  57.8724   19.1743  4.1618
   6.3794   30.7806  4.493
  60.2501  -24.1233  4.4935
  60.9819  -11.8744  4.162
  60.9819  -33.6086  4.1609
  60.9819  -42.9232  4.1597
  64.0913  -36.7134  4.1606
  64.0913  -52.2378  4.1575
  65.5319  -36.8841  4.4923
  65.53    -21.3103  4.4937
  67.2008  -30.5037  4.1611
  67.2008  -58.4476  4.1548
   7.7629   15.814   4.494
   7.7729   29.0951  4.4932
   9.2756   25.8557  4.4934
---------  --------  ------